Cerinta 1:
De exemplu, pentru inputul A78801C00A7890EC04, se va afisa la standard output 
x 1 let x -14 div.

Cerinta 2:
2 10 mul 5 div 7 6 sub add  =>  5

Cerinta 3:
x 1 let x  => 1

Cerinta 4:


x 2 2 -1 2 -3 4 let x -10 add  => 2 2 -11 -8 -13 -6
x 2 2 -1 2 -3 4 let   -10 add

a 4 5 -10 5 8 -10 -9 -100 255 17 -34 -11 21 20 98 17 3 -16 21 -35 131 2 let a 155 sub
a 4 5 -10 5 8 -10 -9 -100 255 17 -34 -11 21 20 98 17 3 -16 21 -35 131 2 let   155 sub

a 4 5 -10 5 8 -10 -9 -100 55 17 -34 -11 21 20 98 17 3 -16 21 -35 31 2 let a -2 mul
a 4 5 -10 5 8 -10 -9 -100 55 17 -34 -11 21 20 98 17 3 -16 21 -35 31 2 let   -2 mul

a 1 3 -15 -37 255 let a -15 div
a 1 3 -15 -37 255 let   -15 div

s 4 6 15 -10 27 -3 255 15 9 81 17 -26 28 -34 8 -10 24 25 -1 -2 -65 -31 85 97 -137 62 let s rot90d
s 4 6 15 -10 27 -3 255 15 9 81 17 -26 28 -34 8 -10 24 25 -1 -2 -65 -31 85 97 -137 62 let   rot90d

 2 3 -1 0 1 2 3 4
 -1 0 1
  2 3 4
  
  rot:

2 -1
3  0
4  1
 
